1,9,99,99,99
2,8,88,88,88
3,7,77,77,77
4,9,99,99,99
5,8,88,88,88
6,7,77,77,77
7,9,99,99,99
8,8,88,88,88
9,7,77,77,77
10,9,99,99,99
11,8,88,88,88
12,7,77,77,77
13,9,99,99,99
14,8,88,88,88
15,7,77,77,77
16,9,99,99,99
17,8,88,88,88
18,7,77,77,77
19,9,99,99,99
20,8,88,88,88
21,7,77,77,77
22,9,99,99,99
23,8,88,88,88
24,7,77,77,77
25,9,99,99,99
26,8,88,88,88
27,7,77,77,77
28,9,99,99,99
29,8,88,88,88
30,7,77,77,77
31,9,99,99,99
32,8,88,88,88
33,7,77,77,77
34,9,99,99,99
35,8,88,88,88
36,7,77,77,77
37,9,99,99,99
38,8,88,88,88
39,7,77,77,77
40,9,99,99,99
41,8,88,88,88
42,7,77,77,77
43,9,99,99,99
44,8,88,88,88
45,7,77,77,77
46,9,99,99,99
47,8,88,88,88
48,7,77,77,77
49,9,99,99,99
50,8,88,88,88
51,7,77,77,77
52,9,99,99,99
53,8,88,88,88
54,7,77,77,77
55,9,99,99,99
56,8,88,88,88
57,7,77,77,77
58,9,99,99,99
59,8,88,88,88
60,7,77,77,77
61,9,99,99,99
62,8,88,88,88
63,7,77,77,77
64,9,99,99,99
65,8,88,88,88
66,7,77,77,77
67,9,99,99,99
68,8,88,88,88
69,7,77,77,77
70,9,99,99,99
71,8,88,88,88
72,7,77,77,77
73,9,99,99,99
74,8,88,88,88
75,7,77,77,77
76,9,99,99,99
77,8,88,88,88
78,7,77,77,77
79,9,99,99,99
80,8,88,88,88
81,7,77,77,77
82,9,99,99,99
83,8,88,88,88
84,7,77,77,77
85,9,99,99,99
86,8,88,88,88
87,7,77,77,77
88,9,99,99,99
89,8,88,88,88
90,7,77,77,77
91,9,99,99,99
92,8,88,88,88
93,7,77,77,77
94,9,99,99,99
95,8,88,88,88
96,7,77,77,77
97,9,99,99,99
98,8,88,88,88
99,7,77,77,77
100,9,99,99,99
101,8,88,88,88
102,7,77,77,77
103,9,99,99,99
104,8,88,88,88
105,7,77,77,77
106,9,99,99,99
107,8,88,88,88
108,7,77,77,77
109,9,99,99,99
110,8,88,88,88
111,7,77,77,77
112,9,99,99,99
113,8,88,88,88
114,7,77,77,77
115,9,99,99,99
116,8,88,88,88
117,7,77,77,77
118,9,99,99,99
119,8,88,88,88
120,7,77,77,77
121,9,99,99,99
122,8,88,88,88
123,7,77,77,77
124,9,99,99,99
125,8,88,88,88
126,7,77,77,77
127,9,99,99,99
128,8,88,88,88
129,7,77,77,77
130,9,99,99,99
131,8,88,88,88
132,7,77,77,77
133,9,99,99,99
134,8,88,88,88
135,7,77,77,77
136,9,99,99,99
137,8,88,88,88
138,7,77,77,77
139,9,99,99,99
140,8,88,88,88
141,7,77,77,77
142,9,99,99,99
143,8,88,88,88
144,7,77,77,77
145,9,99,99,99
146,8,88,88,88
147,7,77,77,77
148,9,99,99,99
149,8,88,88,88
150,7,77,77,77
151,9,99,99,99
152,8,88,88,88
153,7,77,77,77
154,9,99,99,99
155,8,88,88,88
156,7,77,77,77
157,9,99,99,99
158,8,88,88,88
159,7,77,77,77
160,9,99,99,99
161,8,88,88,88
162,7,77,77,77
163,9,99,99,99
164,8,88,88,88
165,7,77,77,77
166,9,99,99,99
167,8,88,88,88
168,7,77,77,77
169,9,99,99,99
170,8,88,88,88
171,7,77,77,77
172,9,99,99,99
173,8,88,88,88
174,7,77,77,77
175,9,99,99,99
176,8,88,88,88
177,7,77,77,77
178,9,99,99,99
179,8,88,88,88
180,7,77,77,77
181,9,99,99,99
182,8,88,88,88
183,7,77,77,77
184,9,99,99,99
185,8,88,88,88
186,7,77,77,77
187,9,99,99,99
188,8,88,88,88
189,7,77,77,77
190,9,99,99,99
191,8,88,88,88
192,7,77,77,77
193,9,99,99,99
194,8,88,88,88
195,7,77,77,77
196,9,99,99,99
197,8,88,88,88
198,7,77,77,77
199,9,99,99,99
200,8,88,88,88
201,7,77,77,77
202,9,99,99,99
203,8,88,88,88
204,7,77,77,77
205,9,99,99,99
206,8,88,88,88
207,7,77,77,77
208,9,99,99,99
209,8,88,88,88
210,7,77,77,77
211,9,99,99,99
212,8,88,88,88
213,7,77,77,77
214,9,99,99,99
215,8,88,88,88
216,7,77,77,77
217,9,99,99,99
218,8,88,88,88
219,7,77,77,77
220,9,99,99,99
221,8,88,88,88
222,7,77,77,77
223,9,99,99,99
224,8,88,88,88
225,7,77,77,77
226,9,99,99,99
227,8,88,88,88
228,7,77,77,77
229,9,99,99,99
230,8,88,88,88
231,7,77,77,77
232,9,99,99,99
233,8,88,88,88
234,7,77,77,77
235,9,99,99,99
236,8,88,88,88
237,7,77,77,77
238,9,99,99,99
239,8,88,88,88
240,7,77,77,77
241,9,99,99,99
242,8,88,88,88
243,7,77,77,77
244,9,99,99,99
245,8,88,88,88
246,7,77,77,77
247,9,99,99,99
248,8,88,88,88
249,7,77,77,77
250,9,99,99,99
251,8,88,88,88
252,7,77,77,77
253,9,99,99,99
254,8,88,88,88
255,7,77,77,77
256,9,99,99,99
257,8,88,88,88
258,7,77,77,77
259,9,99,99,99
260,8,88,88,88
261,7,77,77,77
262,9,99,99,99
263,8,88,88,88
264,7,77,77,77
265,9,99,99,99
266,8,88,88,88
267,7,77,77,77
268,9,99,99,99
269,8,88,88,88
270,7,77,77,77
271,9,99,99,99
272,8,88,88,88
273,7,77,77,77
274,9,99,99,99
275,8,88,88,88
276,7,77,77,77
277,9,99,99,99
278,8,88,88,88
279,7,77,77,77
280,9,99,99,99
281,8,88,88,88
282,7,77,77,77
283,9,99,99,99
284,8,88,88,88
285,7,77,77,77
286,9,99,99,99
287,8,88,88,88
288,7,77,77,77
289,9,99,99,99
290,8,88,88,88
291,7,77,77,77
292,9,99,99,99
293,8,88,88,88
294,7,77,77,77
295,9,99,99,99
296,8,88,88,88
297,7,77,77,77
298,9,99,99,99
299,8,88,88,88
300,7,77,77,77
301,9,99,99,99
302,8,88,88,88
303,7,77,77,77
304,9,99,99,99
305,8,88,88,88
306,7,77,77,77
307,9,99,99,99
308,8,88,88,88
309,7,77,77,77
310,9,99,99,99
311,8,88,88,88
312,7,77,77,77
313,9,99,99,99
314,8,88,88,88
315,7,77,77,77
316,9,99,99,99
317,8,88,88,88
318,7,77,77,77
319,9,99,99,99
320,8,88,88,88
321,7,77,77,77
322,9,99,99,99
323,8,88,88,88
324,7,77,77,77
325,9,99,99,99
326,8,88,88,88
327,7,77,77,77
328,9,99,99,99
329,8,88,88,88
330,7,77,77,77
331,9,99,99,99
332,8,88,88,88
333,7,77,77,77
334,9,99,99,99
335,8,88,88,88
336,7,77,77,77
337,9,99,99,99
338,8,88,88,88
339,7,77,77,77
340,9,99,99,99
341,8,88,88,88
342,7,77,77,77
343,9,99,99,99
344,8,88,88,88
345,7,77,77,77
346,9,99,99,99
347,8,88,88,88
348,7,77,77,77
349,9,99,99,99
350,8,88,88,88
351,7,77,77,77
352,9,99,99,99
353,8,88,88,88
354,7,77,77,77
355,9,99,99,99
356,8,88,88,88
357,7,77,77,77
358,9,99,99,99
359,8,88,88,88
360,7,77,77,77
361,9,99,99,99
362,8,88,88,88
363,7,77,77,77
364,9,99,99,99
365,8,88,88,88
366,7,77,77,77
367,9,99,99,99
368,8,88,88,88
369,7,77,77,77
370,9,99,99,99
371,8,88,88,88
372,7,77,77,77
373,9,99,99,99
374,8,88,88,88
375,7,77,77,77
376,9,99,99,99
377,8,88,88,88
378,7,77,77,77
379,9,99,99,99
380,8,88,88,88
381,7,77,77,77
382,9,99,99,99
383,8,88,88,88
384,7,77,77,77
385,9,99,99,99
386,8,88,88,88
387,7,77,77,77
388,9,99,99,99
389,8,88,88,88
390,7,77,77,77
391,9,99,99,99
392,8,88,88,88
393,7,77,77,77
394,9,99,99,99
395,8,88,88,88
396,7,77,77,77
397,9,99,99,99
398,8,88,88,88
399,7,77,77,77
400,9,99,99,99
401,8,88,88,88
402,7,77,77,77
403,9,99,99,99
404,8,88,88,88
405,7,77,77,77
406,9,99,99,99
407,8,88,88,88
408,7,77,77,77
409,9,99,99,99
410,8,88,88,88
411,7,77,77,77
412,9,99,99,99
413,8,88,88,88
414,7,77,77,77
415,9,99,99,99
416,8,88,88,88
417,7,77,77,77
418,9,99,99,99
419,8,88,88,88
420,7,77,77,77
421,9,99,99,99
422,8,88,88,88
423,7,77,77,77
424,9,99,99,99
425,8,88,88,88
426,7,77,77,77
427,9,99,99,99
428,8,88,88,88
429,7,77,77,77
430,9,99,99,99
431,8,88,88,88
432,7,77,77,77
433,9,99,99,99
434,8,88,88,88
435,7,77,77,77
436,9,99,99,99
437,8,88,88,88
438,7,77,77,77
439,9,99,99,99
440,8,88,88,88
441,7,77,77,77
442,9,99,99,99
443,8,88,88,88
444,7,77,77,77
445,9,99,99,99
446,8,88,88,88
447,7,77,77,77
448,9,99,99,99
449,8,88,88,88
450,7,77,77,77
451,9,99,99,99
452,8,88,88,88
453,7,77,77,77
454,9,99,99,99
455,8,88,88,88
456,7,77,77,77
457,9,99,99,99
458,8,88,88,88
459,7,77,77,77
460,9,99,99,99
461,8,88,88,88
462,7,77,77,77
463,9,99,99,99
464,8,88,88,88
465,7,77,77,77
466,9,99,99,99
467,8,88,88,88
468,7,77,77,77
469,9,99,99,99
470,8,88,88,88
471,7,77,77,77
472,9,99,99,99
473,8,88,88,88
474,7,77,77,77
475,9,99,99,99
476,8,88,88,88
477,7,77,77,77
478,9,99,99,99
479,8,88,88,88
480,7,77,77,77
481,9,99,99,99
482,8,88,88,88
483,7,77,77,77
484,9,99,99,99
485,8,88,88,88
486,7,77,77,77
487,9,99,99,99
488,8,88,88,88
489,7,77,77,77
490,9,99,99,99
491,8,88,88,88
492,7,77,77,77
493,9,99,99,99
494,8,88,88,88
495,7,77,77,77
496,9,99,99,99
497,8,88,88,88
498,7,77,77,77
499,9,99,99,99
500,8,88,88,88
501,7,77,77,77
502,9,99,99,99
503,8,88,88,88
504,7,77,77,77
505,9,99,99,99
506,8,88,88,88
507,7,77,77,77
508,9,99,99,99
509,8,88,88,88
510,7,77,77,77
511,9,99,99,99
512,8,88,88,88
513,7,77,77,77
514,9,99,99,99
515,8,88,88,88
516,7,77,77,77
517,9,99,99,99
518,8,88,88,88
519,7,77,77,77
520,9,99,99,99
521,8,88,88,88
522,7,77,77,77
523,9,99,99,99
524,8,88,88,88
525,7,77,77,77
526,9,99,99,99
527,8,88,88,88
528,7,77,77,77
529,9,99,99,99
530,8,88,88,88
531,7,77,77,77
532,9,99,99,99
533,8,88,88,88
534,7,77,77,77
535,9,99,99,99
536,8,88,88,88
537,7,77,77,77
538,9,99,99,99
539,8,88,88,88
540,7,77,77,77
541,9,99,99,99
542,8,88,88,88
543,7,77,77,77
544,9,99,99,99
545,8,88,88,88
546,7,77,77,77
547,9,99,99,99
548,8,88,88,88
549,7,77,77,77
550,9,99,99,99
551,8,88,88,88
552,7,77,77,77
553,9,99,99,99
554,8,88,88,88
555,7,77,77,77
556,9,99,99,99
557,8,88,88,88
558,7,77,77,77
559,9,99,99,99
560,8,88,88,88
561,7,77,77,77
562,9,99,99,99
563,8,88,88,88
564,7,77,77,77
565,9,99,99,99
566,8,88,88,88
567,7,77,77,77
568,9,99,99,99
569,8,88,88,88
570,7,77,77,77
571,9,99,99,99
572,8,88,88,88
573,7,77,77,77
574,9,99,99,99
575,8,88,88,88
576,7,77,77,77
577,9,99,99,99
578,8,88,88,88
579,7,77,77,77
580,9,99,99,99
581,8,88,88,88
582,7,77,77,77
583,9,99,99,99
584,8,88,88,88
585,7,77,77,77
586,9,99,99,99
587,8,88,88,88
588,7,77,77,77
589,9,99,99,99
590,8,88,88,88
591,7,77,77,77
592,9,99,99,99
593,8,88,88,88
594,7,77,77,77
595,9,99,99,99
596,8,88,88,88
597,7,77,77,77
598,9,99,99,99
599,8,88,88,88
600,7,77,77,77
601,9,99,99,99
602,8,88,88,88
603,7,77,77,77
604,9,99,99,99
605,8,88,88,88
606,7,77,77,77
607,9,99,99,99
608,8,88,88,88
609,7,77,77,77
610,9,99,99,99
611,8,88,88,88
612,7,77,77,77
613,9,99,99,99
614,8,88,88,88
615,7,77,77,77
616,9,99,99,99
617,8,88,88,88
618,7,77,77,77
619,9,99,99,99
620,8,88,88,88
621,7,77,77,77
622,9,99,99,99
623,8,88,88,88
624,7,77,77,77
625,9,99,99,99
626,8,88,88,88
627,7,77,77,77
628,9,99,99,99
629,8,88,88,88
630,7,77,77,77
631,9,99,99,99
632,8,88,88,88
633,7,77,77,77
634,9,99,99,99
635,8,88,88,88
636,7,77,77,77
637,9,99,99,99
638,8,88,88,88
639,7,77,77,77
640,9,99,99,99
641,8,88,88,88
642,7,77,77,77
643,9,99,99,99
644,8,88,88,88
645,7,77,77,77
646,9,99,99,99
647,8,88,88,88
648,7,77,77,77
649,9,99,99,99
650,8,88,88,88
651,7,77,77,77
652,9,99,99,99
653,8,88,88,88
654,7,77,77,77
655,9,99,99,99
656,8,88,88,88
657,7,77,77,77
658,9,99,99,99
659,8,88,88,88
660,7,77,77,77
661,9,99,99,99
662,8,88,88,88
663,7,77,77,77
664,9,99,99,99
665,8,88,88,88
666,7,77,77,77
667,9,99,99,99
668,8,88,88,88
669,7,77,77,77
670,9,99,99,99
671,8,88,88,88
672,7,77,77,77
673,9,99,99,99
674,8,88,88,88
675,7,77,77,77
676,9,99,99,99
677,8,88,88,88
678,7,77,77,77
679,9,99,99,99
680,8,88,88,88
681,7,77,77,77
682,9,99,99,99
683,8,88,88,88
684,7,77,77,77
685,9,99,99,99
686,8,88,88,88
687,7,77,77,77
688,9,99,99,99
689,8,88,88,88
690,7,77,77,77
691,9,99,99,99
692,8,88,88,88
693,7,77,77,77
694,9,99,99,99
695,8,88,88,88
696,7,77,77,77
697,9,99,99,99
698,8,88,88,88
699,7,77,77,77
700,9,99,99,99
701,8,88,88,88
702,7,77,77,77
703,9,99,99,99
704,8,88,88,88
705,7,77,77,77
706,9,99,99,99
707,8,88,88,88
708,7,77,77,77
709,9,99,99,99
710,8,88,88,88
711,7,77,77,77
712,9,99,99,99
713,8,88,88,88
714,7,77,77,77
715,9,99,99,99
716,8,88,88,88
717,7,77,77,77
718,9,99,99,99
719,8,88,88,88
720,7,77,77,77
721,9,99,99,99
722,8,88,88,88
723,7,77,77,77
724,9,99,99,99
725,8,88,88,88
726,7,77,77,77
727,9,99,99,99
728,8,88,88,88
729,7,77,77,77
730,9,99,99,99
731,8,88,88,88
732,7,77,77,77
733,9,99,99,99
734,8,88,88,88
735,7,77,77,77
736,9,99,99,99
737,8,88,88,88
738,7,77,77,77
739,9,99,99,99
740,8,88,88,88
741,7,77,77,77
742,9,99,99,99
743,8,88,88,88
744,7,77,77,77
745,9,99,99,99
746,8,88,88,88
747,7,77,77,77
748,9,99,99,99
749,8,88,88,88
750,7,77,77,77
751,9,99,99,99
752,8,88,88,88
753,7,77,77,77
754,9,99,99,99
755,8,88,88,88
756,7,77,77,77
757,9,99,99,99
758,8,88,88,88
759,7,77,77,77
760,9,99,99,99
761,8,88,88,88
762,7,77,77,77
763,9,99,99,99
764,8,88,88,88
765,7,77,77,77
766,9,99,99,99
767,8,88,88,88
768,7,77,77,77
769,9,99,99,99
770,8,88,88,88
771,7,77,77,77
772,9,99,99,99
773,8,88,88,88
774,7,77,77,77
775,9,99,99,99
776,8,88,88,88
777,7,77,77,77
778,9,99,99,99
779,8,88,88,88
780,7,77,77,77
781,9,99,99,99
782,8,88,88,88
783,7,77,77,77
784,9,99,99,99
785,8,88,88,88
786,7,77,77,77
787,9,99,99,99
788,8,88,88,88
789,7,77,77,77
790,9,99,99,99
791,8,88,88,88
792,7,77,77,77
793,9,99,99,99
794,8,88,88,88
795,7,77,77,77
796,9,99,99,99
797,8,88,88,88
798,7,77,77,77
799,9,99,99,99
800,8,88,88,88
801,7,77,77,77
802,9,99,99,99
803,8,88,88,88
804,7,77,77,77
805,9,99,99,99
806,8,88,88,88
807,7,77,77,77
808,9,99,99,99
809,8,88,88,88
810,7,77,77,77
811,9,99,99,99
812,8,88,88,88
813,7,77,77,77
814,9,99,99,99
815,8,88,88,88
816,7,77,77,77
817,9,99,99,99
818,8,88,88,88
819,7,77,77,77
820,9,99,99,99
821,8,88,88,88
822,7,77,77,77
823,9,99,99,99
824,8,88,88,88
825,7,77,77,77
826,9,99,99,99
827,8,88,88,88
828,7,77,77,77
829,9,99,99,99
830,8,88,88,88
831,7,77,77,77
832,9,99,99,99
833,8,88,88,88
834,7,77,77,77
835,9,99,99,99
836,8,88,88,88
837,7,77,77,77
838,9,99,99,99
839,8,88,88,88
840,7,77,77,77
841,9,99,99,99
842,8,88,88,88
843,7,77,77,77
844,9,99,99,99
845,8,88,88,88
846,7,77,77,77
847,9,99,99,99
848,8,88,88,88
849,7,77,77,77
850,9,99,99,99
851,8,88,88,88
852,7,77,77,77
853,9,99,99,99
854,8,88,88,88
855,7,77,77,77
856,9,99,99,99
857,8,88,88,88
858,7,77,77,77
859,9,99,99,99
860,8,88,88,88
861,7,77,77,77
862,9,99,99,99
863,8,88,88,88
864,7,77,77,77
865,9,99,99,99
866,8,88,88,88
867,7,77,77,77
868,9,99,99,99
869,8,88,88,88
870,7,77,77,77
871,9,99,99,99
872,8,88,88,88
873,7,77,77,77
874,9,99,99,99
875,8,88,88,88
876,7,77,77,77
877,9,99,99,99
878,8,88,88,88
879,7,77,77,77
880,9,99,99,99
881,8,88,88,88
882,7,77,77,77
883,9,99,99,99
884,8,88,88,88
885,7,77,77,77
886,9,99,99,99
887,8,88,88,88
888,7,77,77,77
889,9,99,99,99
890,8,88,88,88
891,7,77,77,77
892,9,99,99,99
893,8,88,88,88
894,7,77,77,77
895,9,99,99,99
896,8,88,88,88
897,7,77,77,77
898,9,99,99,99
899,8,88,88,88
900,7,77,77,77
901,9,99,99,99
902,8,88,88,88
903,7,77,77,77
904,9,99,99,99
905,8,88,88,88
906,7,77,77,77
907,9,99,99,99
908,8,88,88,88
909,7,77,77,77
910,9,99,99,99
911,8,88,88,88
912,7,77,77,77
913,9,99,99,99
914,8,88,88,88
915,7,77,77,77
916,9,99,99,99
917,8,88,88,88
918,7,77,77,77
919,9,99,99,99
920,8,88,88,88
921,7,77,77,77
922,9,99,99,99
923,8,88,88,88
924,7,77,77,77
925,9,99,99,99
926,8,88,88,88
927,7,77,77,77
928,9,99,99,99
929,8,88,88,88
930,7,77,77,77
931,9,99,99,99
932,8,88,88,88
933,7,77,77,77
934,9,99,99,99
935,8,88,88,88
936,7,77,77,77
937,9,99,99,99
938,8,88,88,88
939,7,77,77,77
940,9,99,99,99
941,8,88,88,88
942,7,77,77,77
943,9,99,99,99
944,8,88,88,88
945,7,77,77,77
946,9,99,99,99
947,8,88,88,88
948,7,77,77,77
949,9,99,99,99
950,8,88,88,88
951,7,77,77,77
952,9,99,99,99
953,8,88,88,88
954,7,77,77,77
955,9,99,99,99
956,8,88,88,88
957,7,77,77,77
958,9,99,99,99
959,8,88,88,88
960,7,77,77,77
961,9,99,99,99
962,8,88,88,88
963,7,77,77,77
964,9,99,99,99
965,8,88,88,88
966,7,77,77,77
967,9,99,99,99
968,8,88,88,88
969,7,77,77,77
970,9,99,99,99
971,8,88,88,88
972,7,77,77,77
973,9,99,99,99
974,8,88,88,88
975,7,77,77,77
976,9,99,99,99
977,8,88,88,88
978,7,77,77,77
979,9,99,99,99
980,8,88,88,88
981,7,77,77,77
982,9,99,99,99
983,8,88,88,88
984,7,77,77,77
985,9,99,99,99
986,8,88,88,88
987,7,77,77,77
988,9,99,99,99
989,8,88,88,88
990,7,77,77,77
991,9,99,99,99
992,8,88,88,88
993,7,77,77,77
994,9,99,99,99
995,8,88,88,88
996,7,77,77,77
997,9,99,99,99
998,8,88,88,88
999,7,77,77,77
1000,9,99,99,99
1001,8,88,88,88
1002,7,77,77,77
1003,9,99,99,99
1004,8,88,88,88
1005,7,77,77,77
1006,9,99,99,99
1007,8,88,88,88
1008,7,77,77,77
1009,9,99,99,99
1010,8,88,88,88
1011,7,77,77,77
1012,9,99,99,99
1013,8,88,88,88
1014,7,77,77,77
1015,9,99,99,99
1016,8,88,88,88
1017,7,77,77,77
1018,9,99,99,99
1019,8,88,88,88
1020,7,77,77,77
1021,9,99,99,99
1022,8,88,88,88
1023,7,77,77,77
1024,9,99,99,99
1025,8,88,88,88
1026,7,77,77,77
1027,9,99,99,99
1028,8,88,88,88
1029,7,77,77,77
1030,9,99,99,99
1031,8,88,88,88
1032,7,77,77,77
1033,9,99,99,99
1034,8,88,88,88
1035,7,77,77,77
1036,9,99,99,99
1037,8,88,88,88
1038,7,77,77,77
1039,9,99,99,99
1040,8,88,88,88
1041,7,77,77,77
1042,9,99,99,99
1043,8,88,88,88
1044,7,77,77,77
1045,9,99,99,99
1046,8,88,88,88
1047,7,77,77,77
1048,9,99,99,99
1049,8,88,88,88
1050,7,77,77,77
1051,9,99,99,99
1052,8,88,88,88
1053,7,77,77,77
1054,9,99,99,99
1055,8,88,88,88
1056,7,77,77,77
1057,9,99,99,99
1058,8,88,88,88
1059,7,77,77,77
1060,9,99,99,99
1061,8,88,88,88
1062,7,77,77,77
1063,9,99,99,99
1064,8,88,88,88
1065,7,77,77,77
1066,9,99,99,99
1067,8,88,88,88
1068,7,77,77,77
1069,9,99,99,99
1070,8,88,88,88
1071,7,77,77,77
1072,9,99,99,99
1073,8,88,88,88
1074,7,77,77,77
1075,9,99,99,99
1076,8,88,88,88
1077,7,77,77,77
1078,9,99,99,99
1079,8,88,88,88
1080,7,77,77,77
1081,9,99,99,99
1082,8,88,88,88
1083,7,77,77,77
1084,9,99,99,99
1085,8,88,88,88
1086,7,77,77,77
1087,9,99,99,99
1088,8,88,88,88
1089,7,77,77,77
1090,9,99,99,99
1091,8,88,88,88
1092,7,77,77,77
1093,9,99,99,99
1094,8,88,88,88
1095,7,77,77,77
1096,9,99,99,99
1097,8,88,88,88
1098,7,77,77,77
1099,9,99,99,99
1100,8,88,88,88
1101,7,77,77,77
1102,9,99,99,99
1103,8,88,88,88
1104,7,77,77,77
1105,9,99,99,99
1106,8,88,88,88
1107,7,77,77,77
1108,9,99,99,99
1109,8,88,88,88
1110,7,77,77,77
1111,9,99,99,99
1112,8,88,88,88
1113,7,77,77,77
1114,9,99,99,99
1115,8,88,88,88
1116,7,77,77,77
1117,9,99,99,99
1118,8,88,88,88
1119,7,77,77,77
1120,9,99,99,99
1121,8,88,88,88
1122,7,77,77,77
1123,9,99,99,99
1124,8,88,88,88
1125,7,77,77,77
1126,9,99,99,99
1127,8,88,88,88
1128,7,77,77,77
1129,9,99,99,99
1130,8,88,88,88
1131,7,77,77,77
1132,9,99,99,99
1133,8,88,88,88
1134,7,77,77,77
1135,9,99,99,99
1136,8,88,88,88
1137,7,77,77,77
1138,9,99,99,99
1139,8,88,88,88
1140,7,77,77,77
1141,9,99,99,99
1142,8,88,88,88
1143,7,77,77,77
1144,9,99,99,99
1145,8,88,88,88
1146,7,77,77,77
1147,9,99,99,99
1148,8,88,88,88
1149,7,77,77,77
1150,9,99,99,99
1151,8,88,88,88
1152,7,77,77,77
1153,9,99,99,99
1154,8,88,88,88
1155,7,77,77,77
1156,9,99,99,99
1157,8,88,88,88
1158,7,77,77,77
1159,9,99,99,99
1160,8,88,88,88
1161,7,77,77,77
1162,9,99,99,99
1163,8,88,88,88
1164,7,77,77,77
1165,9,99,99,99
1166,8,88,88,88
1167,7,77,77,77
1168,9,99,99,99
1169,8,88,88,88
1170,7,77,77,77
1171,9,99,99,99
1172,8,88,88,88
1173,7,77,77,77
1174,9,99,99,99
1175,8,88,88,88
1176,7,77,77,77
1177,9,99,99,99
1178,8,88,88,88
1179,7,77,77,77
1180,9,99,99,99
1181,8,88,88,88
1182,7,77,77,77
1183,9,99,99,99
1184,8,88,88,88
1185,7,77,77,77
1186,9,99,99,99
1187,8,88,88,88
1188,7,77,77,77
1189,9,99,99,99
1190,8,88,88,88
1191,7,77,77,77
1192,9,99,99,99
1193,8,88,88,88
1194,7,77,77,77
1195,9,99,99,99
1196,8,88,88,88
1197,7,77,77,77
1198,9,99,99,99
1199,8,88,88,88
1200,7,77,77,77
1201,9,99,99,99
1202,8,88,88,88
1203,7,77,77,77
1204,9,99,99,99
1205,8,88,88,88
1206,7,77,77,77
1207,9,99,99,99
1208,8,88,88,88
1209,7,77,77,77
1210,9,99,99,99
1211,8,88,88,88
1212,7,77,77,77
1213,9,99,99,99
1214,8,88,88,88
1215,7,77,77,77
1216,9,99,99,99
1217,8,88,88,88
1218,7,77,77,77
1219,9,99,99,99
1220,8,88,88,88
1221,7,77,77,77
1222,9,99,99,99
1223,8,88,88,88
1224,7,77,77,77
1225,9,99,99,99
1226,8,88,88,88
1227,7,77,77,77
1228,9,99,99,99
1229,8,88,88,88
1230,7,77,77,77
1231,9,99,99,99
1232,8,88,88,88
1233,7,77,77,77
1234,9,99,99,99
1235,8,88,88,88
1236,7,77,77,77
1237,9,99,99,99
1238,8,88,88,88
1239,7,77,77,77
1240,9,99,99,99
1241,8,88,88,88
1242,7,77,77,77
1243,9,99,99,99
1244,8,88,88,88
1245,7,77,77,77
1246,9,99,99,99
1247,8,88,88,88
1248,7,77,77,77
1249,9,99,99,99
1250,8,88,88,88
1251,7,77,77,77
1252,9,99,99,99
1253,8,88,88,88
1254,7,77,77,77
1255,9,99,99,99
1256,8,88,88,88
1257,7,77,77,77
1258,9,99,99,99
1259,8,88,88,88
1260,7,77,77,77
1261,9,99,99,99
1262,8,88,88,88
1263,7,77,77,77
1264,9,99,99,99
1265,8,88,88,88
1266,7,77,77,77
1267,9,99,99,99
1268,8,88,88,88
1269,7,77,77,77
1270,9,99,99,99
1271,8,88,88,88
1272,7,77,77,77
1273,9,99,99,99
1274,8,88,88,88
1275,7,77,77,77
1276,9,99,99,99
1277,8,88,88,88
1278,7,77,77,77
1279,9,99,99,99
1280,8,88,88,88
1281,7,77,77,77
1282,9,99,99,99
1283,8,88,88,88
1284,7,77,77,77
1285,9,99,99,99
1286,8,88,88,88
1287,7,77,77,77
1288,9,99,99,99
1289,8,88,88,88
1290,7,77,77,77
1291,9,99,99,99
1292,8,88,88,88
1293,7,77,77,77
1294,9,99,99,99
1295,8,88,88,88
1296,7,77,77,77
1297,9,99,99,99
1298,8,88,88,88
1299,7,77,77,77
1300,9,99,99,99
1301,8,88,88,88
1302,7,77,77,77
1303,9,99,99,99
1304,8,88,88,88
1305,7,77,77,77
1306,9,99,99,99
1307,8,88,88,88
1308,7,77,77,77
1309,9,99,99,99
1310,8,88,88,88
1311,7,77,77,77
1312,9,99,99,99
1313,8,88,88,88
1314,7,77,77,77
1315,9,99,99,99
1316,8,88,88,88
1317,7,77,77,77
1318,9,99,99,99
1319,8,88,88,88
1320,7,77,77,77
1321,9,99,99,99
1322,8,88,88,88
1323,7,77,77,77
1324,9,99,99,99
1325,8,88,88,88
1326,7,77,77,77
1327,9,99,99,99
1328,8,88,88,88
1329,7,77,77,77
1330,9,99,99,99
1331,8,88,88,88
1332,7,77,77,77
1333,9,99,99,99
1334,8,88,88,88
1335,7,77,77,77
1336,9,99,99,99
1337,8,88,88,88
1338,7,77,77,77
1339,9,99,99,99
1340,8,88,88,88
1341,7,77,77,77
1342,9,99,99,99
1343,8,88,88,88
1344,7,77,77,77
1345,9,99,99,99
1346,8,88,88,88
1347,7,77,77,77
1348,9,99,99,99
1349,8,88,88,88
1350,7,77,77,77
1351,9,99,99,99
1352,8,88,88,88
1353,7,77,77,77
1354,9,99,99,99
1355,8,88,88,88
1356,7,77,77,77
1357,9,99,99,99
1358,8,88,88,88
1359,7,77,77,77
1360,9,99,99,99
1361,8,88,88,88
1362,7,77,77,77
1363,9,99,99,99
1364,8,88,88,88
1365,7,77,77,77
1366,9,99,99,99
1367,8,88,88,88
1368,7,77,77,77
1369,9,99,99,99
1370,8,88,88,88
1371,7,77,77,77
1372,9,99,99,99
1373,8,88,88,88
1374,7,77,77,77
1375,9,99,99,99
1376,8,88,88,88
1377,7,77,77,77
1378,9,99,99,99
1379,8,88,88,88
1380,7,77,77,77
1381,9,99,99,99
1382,8,88,88,88
1383,7,77,77,77
1384,9,99,99,99
1385,8,88,88,88
1386,7,77,77,77
1387,9,99,99,99
1388,8,88,88,88
1389,7,77,77,77
1390,9,99,99,99
1391,8,88,88,88
1392,7,77,77,77
1393,9,99,99,99
1394,8,88,88,88
1395,7,77,77,77
1396,9,99,99,99
1397,8,88,88,88
1398,7,77,77,77
1399,9,99,99,99
1400,8,88,88,88
1401,7,77,77,77
1402,9,99,99,99
1403,8,88,88,88
1404,7,77,77,77
1405,9,99,99,99
1406,8,88,88,88
1407,7,77,77,77
1408,9,99,99,99
1409,8,88,88,88
1410,7,77,77,77
1411,9,99,99,99
1412,8,88,88,88
1413,7,77,77,77
1414,9,99,99,99
1415,8,88,88,88
1416,7,77,77,77
1417,9,99,99,99
1418,8,88,88,88
1419,7,77,77,77
1420,9,99,99,99
1421,8,88,88,88
1422,7,77,77,77
1423,9,99,99,99
1424,8,88,88,88
1425,7,77,77,77
1426,9,99,99,99
1427,8,88,88,88
1428,7,77,77,77
1429,9,99,99,99
1430,8,88,88,88
1431,7,77,77,77
1432,9,99,99,99
1433,8,88,88,88
1434,7,77,77,77
1435,9,99,99,99
1436,8,88,88,88
1437,7,77,77,77
1438,9,99,99,99
1439,8,88,88,88
1440,7,77,77,77
1441,9,99,99,99
1442,8,88,88,88
1443,7,77,77,77
1444,9,99,99,99
1445,8,88,88,88
1446,7,77,77,77
1447,9,99,99,99
1448,8,88,88,88
1449,7,77,77,77
1450,9,99,99,99
1451,8,88,88,88
1452,7,77,77,77
1453,9,99,99,99
1454,8,88,88,88
1455,7,77,77,77
1456,9,99,99,99
1457,8,88,88,88
1458,7,77,77,77
1459,9,99,99,99
1460,8,88,88,88
1461,7,77,77,77
1462,9,99,99,99
1463,8,88,88,88
1464,7,77,77,77
1465,9,99,99,99
1466,8,88,88,88
1467,7,77,77,77
1468,9,99,99,99
1469,8,88,88,88
1470,7,77,77,77
1471,9,99,99,99
1472,8,88,88,88
1473,7,77,77,77
1474,9,99,99,99
1475,8,88,88,88
1476,7,77,77,77
1477,9,99,99,99
1478,8,88,88,88
1479,7,77,77,77
1480,9,99,99,99
1481,8,88,88,88
1482,7,77,77,77
1483,9,99,99,99
1484,8,88,88,88
1485,7,77,77,77
1486,9,99,99,99
1487,8,88,88,88
1488,7,77,77,77
1489,9,99,99,99
1490,8,88,88,88
1491,7,77,77,77
1492,9,99,99,99
1493,8,88,88,88
1494,7,77,77,77
1495,9,99,99,99
1496,8,88,88,88
1497,7,77,77,77
1498,9,99,99,99
1499,8,88,88,88
1500,7,77,77,77
1501,9,99,99,99
1502,8,88,88,88
1503,7,77,77,77
1504,9,99,99,99
1505,8,88,88,88
1506,7,77,77,77
1507,9,99,99,99
1508,8,88,88,88
1509,7,77,77,77
1510,9,99,99,99
1511,8,88,88,88
1512,7,77,77,77
1513,9,99,99,99
1514,8,88,88,88
1515,7,77,77,77
1516,9,99,99,99
1517,8,88,88,88
1518,7,77,77,77
1519,9,99,99,99
1520,8,88,88,88
1521,7,77,77,77
1522,9,99,99,99
1523,8,88,88,88
1524,7,77,77,77
1525,9,99,99,99
1526,8,88,88,88
1527,7,77,77,77
1528,9,99,99,99
1529,8,88,88,88
1530,7,77,77,77
1531,9,99,99,99
1532,8,88,88,88
1533,7,77,77,77
1534,9,99,99,99
1535,8,88,88,88
1536,7,77,77,77
1537,9,99,99,99
1538,8,88,88,88
1539,7,77,77,77
1540,9,99,99,99
1541,8,88,88,88
1542,7,77,77,77
1543,9,99,99,99
1544,8,88,88,88
1545,7,77,77,77
1546,9,99,99,99
1547,8,88,88,88
1548,7,77,77,77
1549,9,99,99,99
1550,8,88,88,88
1551,7,77,77,77
1552,9,99,99,99
1553,8,88,88,88
1554,7,77,77,77
1555,9,99,99,99
1556,8,88,88,88
1557,7,77,77,77
1558,9,99,99,99
1559,8,88,88,88
1560,7,77,77,77
1561,9,99,99,99
1562,8,88,88,88
1563,7,77,77,77
1564,9,99,99,99
1565,8,88,88,88
1566,7,77,77,77
1567,9,99,99,99
1568,8,88,88,88
1569,7,77,77,77
1570,9,99,99,99
1571,8,88,88,88
1572,7,77,77,77
1573,9,99,99,99
1574,8,88,88,88
1575,7,77,77,77
1576,9,99,99,99
1577,8,88,88,88
1578,7,77,77,77
1579,9,99,99,99
1580,8,88,88,88
1581,7,77,77,77
1582,9,99,99,99
1583,8,88,88,88
1584,7,77,77,77
1585,9,99,99,99
1586,8,88,88,88
1587,7,77,77,77
1588,9,99,99,99
1589,8,88,88,88
1590,7,77,77,77
1591,9,99,99,99
1592,8,88,88,88
1593,7,77,77,77
1594,9,99,99,99
1595,8,88,88,88
1596,7,77,77,77
1597,9,99,99,99
1598,8,88,88,88
1599,7,77,77,77
1600,9,99,99,99
1601,8,88,88,88
1602,7,77,77,77
1603,9,99,99,99
1604,8,88,88,88
1605,7,77,77,77
1606,9,99,99,99
1607,8,88,88,88
1608,7,77,77,77
1609,9,99,99,99
1610,8,88,88,88
1611,7,77,77,77
1612,9,99,99,99
1613,8,88,88,88
1614,7,77,77,77
1615,9,99,99,99
1616,8,88,88,88
1617,7,77,77,77
1618,9,99,99,99
1619,8,88,88,88
1620,7,77,77,77
1621,9,99,99,99
1622,8,88,88,88
1623,7,77,77,77
1624,9,99,99,99
1625,8,88,88,88
1626,7,77,77,77
1627,9,99,99,99
1628,8,88,88,88
1629,7,77,77,77
1630,9,99,99,99
1631,8,88,88,88
1632,7,77,77,77
1633,9,99,99,99
1634,8,88,88,88
1635,7,77,77,77
1636,9,99,99,99
1637,8,88,88,88
1638,7,77,77,77
1639,9,99,99,99
1640,8,88,88,88
1641,7,77,77,77
1642,9,99,99,99
1643,8,88,88,88
1644,7,77,77,77
1645,9,99,99,99
1646,8,88,88,88
1647,7,77,77,77
1648,9,99,99,99
1649,8,88,88,88
1650,7,77,77,77
1651,9,99,99,99
1652,8,88,88,88
1653,7,77,77,77
1654,9,99,99,99
1655,8,88,88,88
1656,7,77,77,77
1657,9,99,99,99
1658,8,88,88,88
1659,7,77,77,77
1660,9,99,99,99
1661,8,88,88,88
1662,7,77,77,77
1663,9,99,99,99
1664,8,88,88,88
1665,7,77,77,77
1666,9,99,99,99
1667,8,88,88,88
1668,7,77,77,77
1669,9,99,99,99
1670,8,88,88,88
1671,7,77,77,77
1672,9,99,99,99
1673,8,88,88,88
1674,7,77,77,77
1675,9,99,99,99
1676,8,88,88,88
1677,7,77,77,77
1678,9,99,99,99
1679,8,88,88,88
1680,7,77,77,77
1681,9,99,99,99
1682,8,88,88,88
1683,7,77,77,77
1684,9,99,99,99
1685,8,88,88,88
1686,7,77,77,77
1687,9,99,99,99
1688,8,88,88,88
1689,7,77,77,77
1690,9,99,99,99
1691,8,88,88,88
1692,7,77,77,77
1693,9,99,99,99
1694,8,88,88,88
1695,7,77,77,77
1696,9,99,99,99
1697,8,88,88,88
1698,7,77,77,77
1699,9,99,99,99
1700,8,88,88,88
1701,7,77,77,77
1702,9,99,99,99
1703,8,88,88,88
1704,7,77,77,77
1705,9,99,99,99
1706,8,88,88,88
1707,7,77,77,77
1708,9,99,99,99
1709,8,88,88,88
1710,7,77,77,77
1711,9,99,99,99
1712,8,88,88,88
1713,7,77,77,77
1714,9,99,99,99
1715,8,88,88,88
1716,7,77,77,77
1717,9,99,99,99
1718,8,88,88,88
1719,7,77,77,77
1720,9,99,99,99
1721,8,88,88,88
1722,7,77,77,77
1723,9,99,99,99
1724,8,88,88,88
1725,7,77,77,77
1726,9,99,99,99
1727,8,88,88,88
1728,7,77,77,77
1729,9,99,99,99
1730,8,88,88,88
1731,7,77,77,77
1732,9,99,99,99
1733,8,88,88,88
1734,7,77,77,77
1735,9,99,99,99
1736,8,88,88,88
1737,7,77,77,77
1738,9,99,99,99
1739,8,88,88,88
1740,7,77,77,77
1741,9,99,99,99
1742,8,88,88,88
1743,7,77,77,77
1744,9,99,99,99
1745,8,88,88,88
1746,7,77,77,77
1747,9,99,99,99
1748,8,88,88,88
1749,7,77,77,77
1750,9,99,99,99
1751,8,88,88,88
1752,7,77,77,77
1753,9,99,99,99
1754,8,88,88,88
1755,7,77,77,77
1756,9,99,99,99
1757,8,88,88,88
1758,7,77,77,77
1759,9,99,99,99
1760,8,88,88,88
1761,7,77,77,77
1762,9,99,99,99
1763,8,88,88,88
1764,7,77,77,77
1765,9,99,99,99
1766,8,88,88,88
1767,7,77,77,77
1768,9,99,99,99
1769,8,88,88,88
1770,7,77,77,77
1771,9,99,99,99
1772,8,88,88,88
1773,7,77,77,77
1774,9,99,99,99
1775,8,88,88,88
1776,7,77,77,77
1777,9,99,99,99
1778,8,88,88,88
1779,7,77,77,77
1780,9,99,99,99
1781,8,88,88,88
1782,7,77,77,77
1783,9,99,99,99
1784,8,88,88,88
1785,7,77,77,77
1786,9,99,99,99
1787,8,88,88,88
1788,7,77,77,77
1789,9,99,99,99
1790,8,88,88,88
1791,7,77,77,77
1792,9,99,99,99
1793,8,88,88,88
1794,7,77,77,77
1795,9,99,99,99
1796,8,88,88,88
1797,7,77,77,77
1798,9,99,99,99
1799,8,88,88,88
1800,7,77,77,77
1801,9,99,99,99
1802,8,88,88,88
1803,7,77,77,77
1804,9,99,99,99
1805,8,88,88,88
1806,7,77,77,77
1807,9,99,99,99
1808,8,88,88,88
1809,7,77,77,77
1810,9,99,99,99
1811,8,88,88,88
1812,7,77,77,77
1813,9,99,99,99
1814,8,88,88,88
1815,7,77,77,77
1816,9,99,99,99
1817,8,88,88,88
1818,7,77,77,77
1819,9,99,99,99
1820,8,88,88,88
1821,7,77,77,77
1822,9,99,99,99
1823,8,88,88,88
1824,7,77,77,77
1825,9,99,99,99
1826,8,88,88,88
1827,7,77,77,77
1828,9,99,99,99
1829,8,88,88,88
1830,7,77,77,77
1831,9,99,99,99
1832,8,88,88,88
1833,7,77,77,77
1834,9,99,99,99
1835,8,88,88,88
1836,7,77,77,77
1837,9,99,99,99
1838,8,88,88,88
1839,7,77,77,77
1840,9,99,99,99
1841,8,88,88,88
1842,7,77,77,77
1843,9,99,99,99
1844,8,88,88,88
1845,7,77,77,77
1846,9,99,99,99
1847,8,88,88,88
1848,7,77,77,77
1849,9,99,99,99
1850,8,88,88,88
1851,7,77,77,77
1852,9,99,99,99
1853,8,88,88,88
1854,7,77,77,77
1855,9,99,99,99
1856,8,88,88,88
1857,7,77,77,77
1858,9,99,99,99
1859,8,88,88,88
1860,7,77,77,77
1861,9,99,99,99
1862,8,88,88,88
1863,7,77,77,77
1864,9,99,99,99
1865,8,88,88,88
1866,7,77,77,77
1867,9,99,99,99
1868,8,88,88,88
1869,7,77,77,77
1870,9,99,99,99
1871,8,88,88,88
1872,7,77,77,77
1873,9,99,99,99
1874,8,88,88,88
1875,7,77,77,77
1876,9,99,99,99
1877,8,88,88,88
1878,7,77,77,77
1879,9,99,99,99
1880,8,88,88,88
1881,7,77,77,77
1882,9,99,99,99
1883,8,88,88,88
1884,7,77,77,77
1885,9,99,99,99
1886,8,88,88,88
1887,7,77,77,77
1888,9,99,99,99
1889,8,88,88,88
1890,7,77,77,77
1891,9,99,99,99
1892,8,88,88,88
1893,7,77,77,77
1894,9,99,99,99
1895,8,88,88,88
1896,7,77,77,77
1897,9,99,99,99
1898,8,88,88,88
1899,7,77,77,77
1900,9,99,99,99
1901,8,88,88,88
1902,7,77,77,77
1903,9,99,99,99
1904,8,88,88,88
1905,7,77,77,77
1906,9,99,99,99
1907,8,88,88,88
1908,7,77,77,77
1909,9,99,99,99
1910,8,88,88,88
1911,7,77,77,77
1912,9,99,99,99
1913,8,88,88,88
1914,7,77,77,77
1915,9,99,99,99
1916,8,88,88,88
1917,7,77,77,77
1918,9,99,99,99
1919,8,88,88,88
1920,7,77,77,77
1921,9,99,99,99
1922,8,88,88,88
1923,7,77,77,77
1924,9,99,99,99
1925,8,88,88,88
1926,7,77,77,77
1927,9,99,99,99
1928,8,88,88,88
1929,7,77,77,77
1930,9,99,99,99
1931,8,88,88,88
1932,7,77,77,77
1933,9,99,99,99
1934,8,88,88,88
1935,7,77,77,77
1936,9,99,99,99
1937,8,88,88,88
1938,7,77,77,77
1939,9,99,99,99
1940,8,88,88,88
1941,7,77,77,77
1942,9,99,99,99
1943,8,88,88,88
1944,7,77,77,77
1945,9,99,99,99
1946,8,88,88,88
1947,7,77,77,77
1948,9,99,99,99
1949,8,88,88,88
1950,7,77,77,77
1951,9,99,99,99
1952,8,88,88,88
1953,7,77,77,77
1954,9,99,99,99
1955,8,88,88,88
1956,7,77,77,77
1957,9,99,99,99
1958,8,88,88,88
1959,7,77,77,77
1960,9,99,99,99
1961,8,88,88,88
1962,7,77,77,77
1963,9,99,99,99
1964,8,88,88,88
1965,7,77,77,77
1966,9,99,99,99
1967,8,88,88,88
1968,7,77,77,77
1969,9,99,99,99
1970,8,88,88,88
1971,7,77,77,77
1972,9,99,99,99
1973,8,88,88,88
1974,7,77,77,77
1975,9,99,99,99
1976,8,88,88,88
1977,7,77,77,77
1978,9,99,99,99
1979,8,88,88,88
1980,7,77,77,77
1981,9,99,99,99
1982,8,88,88,88
1983,7,77,77,77
1984,9,99,99,99
1985,8,88,88,88
1986,7,77,77,77
1987,9,99,99,99
1988,8,88,88,88
1989,7,77,77,77
1990,9,99,99,99
1991,8,88,88,88
1992,7,77,77,77
1993,9,99,99,99
1994,8,88,88,88
1995,7,77,77,77
1996,9,99,99,99
1997,8,88,88,88
1998,7,77,77,77
1999,9,99,99,99
2000,8,88,88,88
2001,7,77,77,77
2002,9,99,99,99
2003,8,88,88,88
2004,7,77,77,77
2005,9,99,99,99
2006,8,88,88,88
2007,7,77,77,77
2008,9,99,99,99
2009,8,88,88,88
2010,7,77,77,77
2011,9,99,99,99
2012,8,88,88,88
2013,7,77,77,77
2014,9,99,99,99
2015,8,88,88,88
2016,7,77,77,77
2017,9,99,99,99
2018,8,88,88,88
2019,7,77,77,77
2020,9,99,99,99
2021,8,88,88,88
2022,7,77,77,77
2023,9,99,99,99
2024,8,88,88,88
2025,7,77,77,77
2026,9,99,99,99
2027,8,88,88,88
2028,7,77,77,77
2029,9,99,99,99
2030,8,88,88,88
2031,7,77,77,77
2032,9,99,99,99
2033,8,88,88,88
2034,7,77,77,77
2035,9,99,99,99
2036,8,88,88,88
2037,7,77,77,77
2038,9,99,99,99
2039,8,88,88,88
2040,7,77,77,77
2041,9,99,99,99
2042,8,88,88,88
2043,7,77,77,77
2044,9,99,99,99
2045,8,88,88,88
2046,7,77,77,77
2047,9,99,99,99
2048,8,88,88,88
2049,7,77,77,77
2050,9,99,99,99
2051,8,88,88,88
2052,7,77,77,77
2053,9,99,99,99
2054,8,88,88,88
2055,7,77,77,77
2056,9,99,99,99
2057,8,88,88,88
2058,7,77,77,77
2059,9,99,99,99
2060,8,88,88,88
2061,7,77,77,77
2062,9,99,99,99
2063,8,88,88,88
2064,7,77,77,77
2065,9,99,99,99
2066,8,88,88,88
2067,7,77,77,77
2068,9,99,99,99
2069,8,88,88,88
2070,7,77,77,77
2071,9,99,99,99
2072,8,88,88,88
2073,7,77,77,77
2074,9,99,99,99
2075,8,88,88,88
2076,7,77,77,77
2077,9,99,99,99
2078,8,88,88,88
2079,7,77,77,77
2080,9,99,99,99
2081,8,88,88,88
2082,7,77,77,77
2083,9,99,99,99
2084,8,88,88,88
2085,7,77,77,77
2086,9,99,99,99
2087,8,88,88,88
2088,7,77,77,77
2089,9,99,99,99
2090,8,88,88,88
2091,7,77,77,77
2092,9,99,99,99
2093,8,88,88,88
2094,7,77,77,77
2095,9,99,99,99
2096,8,88,88,88
2097,7,77,77,77
2098,9,99,99,99
2099,8,88,88,88
2100,7,77,77,77
2101,9,99,99,99
2102,8,88,88,88
2103,7,77,77,77
2104,9,99,99,99
2105,8,88,88,88
2106,7,77,77,77
2107,9,99,99,99
2108,8,88,88,88
2109,7,77,77,77
2110,9,99,99,99
2111,8,88,88,88
2112,7,77,77,77
2113,9,99,99,99
2114,8,88,88,88
2115,7,77,77,77
2116,9,99,99,99
2117,8,88,88,88
2118,7,77,77,77
2119,9,99,99,99
2120,8,88,88,88
2121,7,77,77,77
2122,9,99,99,99
2123,8,88,88,88
2124,7,77,77,77
2125,9,99,99,99
2126,8,88,88,88
2127,7,77,77,77
2128,9,99,99,99
2129,8,88,88,88
2130,7,77,77,77
2131,9,99,99,99
2132,8,88,88,88
2133,7,77,77,77
2134,9,99,99,99
2135,8,88,88,88
2136,7,77,77,77
2137,9,99,99,99
2138,8,88,88,88
2139,7,77,77,77
2140,9,99,99,99
2141,8,88,88,88
2142,7,77,77,77
2143,9,99,99,99
2144,8,88,88,88
2145,7,77,77,77
2146,9,99,99,99
2147,8,88,88,88
2148,7,77,77,77
2149,9,99,99,99
2150,8,88,88,88
2151,7,77,77,77
2152,9,99,99,99
2153,8,88,88,88
2154,7,77,77,77
2155,9,99,99,99
2156,8,88,88,88
2157,7,77,77,77
2158,9,99,99,99
2159,8,88,88,88
2160,7,77,77,77
2161,9,99,99,99
2162,8,88,88,88
2163,7,77,77,77
2164,9,99,99,99
2165,8,88,88,88
2166,7,77,77,77
2167,9,99,99,99
2168,8,88,88,88
2169,7,77,77,77
2170,9,99,99,99
2171,8,88,88,88
2172,7,77,77,77
2173,9,99,99,99
2174,8,88,88,88
2175,7,77,77,77
2176,9,99,99,99
2177,8,88,88,88
2178,7,77,77,77
2179,9,99,99,99
2180,8,88,88,88
2181,7,77,77,77
2182,9,99,99,99
2183,8,88,88,88
2184,7,77,77,77
2185,9,99,99,99
2186,8,88,88,88
2187,7,77,77,77
2188,9,99,99,99
2189,8,88,88,88
2190,7,77,77,77
2191,9,99,99,99
2192,8,88,88,88
2193,7,77,77,77
2194,9,99,99,99
2195,8,88,88,88
2196,7,77,77,77
2197,9,99,99,99
2198,8,88,88,88
2199,7,77,77,77
2200,9,99,99,99
2201,8,88,88,88
2202,7,77,77,77
2203,9,99,99,99
2204,8,88,88,88
2205,7,77,77,77
2206,9,99,99,99
2207,8,88,88,88
2208,7,77,77,77
2209,9,99,99,99
2210,8,88,88,88
2211,7,77,77,77
2212,9,99,99,99
2213,8,88,88,88
2214,7,77,77,77
2215,9,99,99,99
2216,8,88,88,88
2217,7,77,77,77
2218,9,99,99,99
2219,8,88,88,88
2220,7,77,77,77
2221,9,99,99,99
2222,8,88,88,88
2223,7,77,77,77
2224,9,99,99,99
2225,8,88,88,88
2226,7,77,77,77
2227,9,99,99,99
2228,8,88,88,88
2229,7,77,77,77
2230,9,99,99,99
2231,8,88,88,88
2232,7,77,77,77
2233,9,99,99,99
2234,8,88,88,88
2235,7,77,77,77
2236,9,99,99,99
2237,8,88,88,88
2238,7,77,77,77
2239,9,99,99,99
2240,8,88,88,88
2241,7,77,77,77
2242,9,99,99,99
2243,8,88,88,88
2244,7,77,77,77
2245,9,99,99,99
2246,8,88,88,88
2247,7,77,77,77
2248,9,99,99,99
2249,8,88,88,88
2250,7,77,77,77
2251,9,99,99,99
2252,8,88,88,88
2253,7,77,77,77
2254,9,99,99,99
2255,8,88,88,88
2256,7,77,77,77
2257,9,99,99,99
2258,8,88,88,88
2259,7,77,77,77
2260,9,99,99,99
2261,8,88,88,88
2262,7,77,77,77
2263,9,99,99,99
2264,8,88,88,88
2265,7,77,77,77
2266,9,99,99,99
2267,8,88,88,88
2268,7,77,77,77
2269,9,99,99,99
2270,8,88,88,88
2271,7,77,77,77
2272,9,99,99,99
2273,8,88,88,88
2274,7,77,77,77
2275,9,99,99,99
2276,8,88,88,88
2277,7,77,77,77
2278,9,99,99,99
2279,8,88,88,88
2280,7,77,77,77
2281,9,99,99,99
2282,8,88,88,88
2283,7,77,77,77
2284,9,99,99,99
2285,8,88,88,88
2286,7,77,77,77
2287,9,99,99,99
2288,8,88,88,88
2289,7,77,77,77
2290,9,99,99,99
2291,8,88,88,88
2292,7,77,77,77
2293,9,99,99,99
2294,8,88,88,88
2295,7,77,77,77
2296,9,99,99,99
2297,8,88,88,88
2298,7,77,77,77
2299,9,99,99,99
2300,8,88,88,88
2301,7,77,77,77
2302,9,99,99,99
2303,8,88,88,88
2304,7,77,77,77
2305,9,99,99,99
2306,8,88,88,88
2307,7,77,77,77
2308,9,99,99,99
2309,8,88,88,88
2310,7,77,77,77
2311,9,99,99,99
2312,8,88,88,88
2313,7,77,77,77
2314,9,99,99,99
2315,8,88,88,88
2316,7,77,77,77
2317,9,99,99,99
2318,8,88,88,88
2319,7,77,77,77
2320,9,99,99,99
2321,8,88,88,88
2322,7,77,77,77
2323,9,99,99,99
2324,8,88,88,88
2325,7,77,77,77
2326,9,99,99,99
2327,8,88,88,88
2328,7,77,77,77
2329,9,99,99,99
2330,8,88,88,88
2331,7,77,77,77
2332,9,99,99,99
2333,8,88,88,88
2334,7,77,77,77
2335,9,99,99,99
2336,8,88,88,88
2337,7,77,77,77
2338,9,99,99,99
2339,8,88,88,88
2340,7,77,77,77
2341,9,99,99,99
2342,8,88,88,88
2343,7,77,77,77
2344,9,99,99,99
2345,8,88,88,88
2346,7,77,77,77
2347,9,99,99,99
2348,8,88,88,88
2349,7,77,77,77
2350,9,99,99,99
2351,8,88,88,88
2352,7,77,77,77
2353,9,99,99,99
2354,8,88,88,88
2355,7,77,77,77
2356,9,99,99,99
2357,8,88,88,88
2358,7,77,77,77
2359,9,99,99,99
2360,8,88,88,88
2361,7,77,77,77
2362,9,99,99,99
2363,8,88,88,88
2364,7,77,77,77
2365,9,99,99,99
2366,8,88,88,88
2367,7,77,77,77
2368,9,99,99,99
2369,8,88,88,88
2370,7,77,77,77
2371,9,99,99,99
2372,8,88,88,88
2373,7,77,77,77
2374,9,99,99,99
2375,8,88,88,88
2376,7,77,77,77
2377,9,99,99,99
2378,8,88,88,88
2379,7,77,77,77
2380,9,99,99,99
2381,8,88,88,88
2382,7,77,77,77
2383,9,99,99,99
2384,8,88,88,88
2385,7,77,77,77
2386,9,99,99,99
2387,8,88,88,88
2388,7,77,77,77
2389,9,99,99,99
2390,8,88,88,88
2391,7,77,77,77
2392,9,99,99,99
2393,8,88,88,88
2394,7,77,77,77
2395,9,99,99,99
2396,8,88,88,88
2397,7,77,77,77
2398,9,99,99,99
2399,8,88,88,88
2400,7,77,77,77
2401,9,99,99,99
2402,8,88,88,88
2403,7,77,77,77
2404,9,99,99,99
2405,8,88,88,88
2406,7,77,77,77
2407,9,99,99,99
2408,8,88,88,88
2409,7,77,77,77
2410,9,99,99,99
2411,8,88,88,88
2412,7,77,77,77
2413,9,99,99,99
2414,8,88,88,88
2415,7,77,77,77
2416,9,99,99,99
2417,8,88,88,88
2418,7,77,77,77
2419,9,99,99,99
2420,8,88,88,88
2421,7,77,77,77
2422,9,99,99,99
2423,8,88,88,88
2424,7,77,77,77
2425,9,99,99,99
2426,8,88,88,88
2427,7,77,77,77
2428,9,99,99,99
2429,8,88,88,88
2430,7,77,77,77
2431,9,99,99,99
2432,8,88,88,88
2433,7,77,77,77
2434,9,99,99,99
2435,8,88,88,88
2436,7,77,77,77
2437,9,99,99,99
2438,8,88,88,88
2439,7,77,77,77
2440,9,99,99,99
2441,8,88,88,88
2442,7,77,77,77
2443,9,99,99,99
2444,8,88,88,88
2445,7,77,77,77
2446,9,99,99,99
2447,8,88,88,88
2448,7,77,77,77
2449,9,99,99,99
2450,8,88,88,88
2451,7,77,77,77
2452,9,99,99,99
2453,8,88,88,88
2454,7,77,77,77
2455,9,99,99,99
2456,8,88,88,88
2457,7,77,77,77
2458,9,99,99,99
2459,8,88,88,88
2460,7,77,77,77
2461,9,99,99,99
2462,8,88,88,88
2463,7,77,77,77
2464,9,99,99,99
2465,8,88,88,88
2466,7,77,77,77
2467,9,99,99,99
2468,8,88,88,88
2469,7,77,77,77
2470,9,99,99,99
2471,8,88,88,88
2472,7,77,77,77
2473,9,99,99,99
2474,8,88,88,88
2475,7,77,77,77
2476,9,99,99,99
2477,8,88,88,88
2478,7,77,77,77
2479,9,99,99,99
2480,8,88,88,88
2481,7,77,77,77
2482,9,99,99,99
2483,8,88,88,88
2484,7,77,77,77
2485,9,99,99,99
2486,8,88,88,88
2487,7,77,77,77
2488,9,99,99,99
2489,8,88,88,88
2490,7,77,77,77
2491,9,99,99,99
2492,8,88,88,88
2493,7,77,77,77
2494,9,99,99,99
2495,8,88,88,88
2496,7,77,77,77
2497,9,99,99,99
2498,8,88,88,88
2499,7,77,77,77
2500,9,99,99,99
2501,8,88,88,88
2502,7,77,77,77
2503,9,99,99,99
2504,8,88,88,88
2505,7,77,77,77
2506,9,99,99,99
2507,8,88,88,88
2508,7,77,77,77
2509,9,99,99,99
2510,8,88,88,88
2511,7,77,77,77
2512,9,99,99,99
2513,8,88,88,88
2514,7,77,77,77
2515,9,99,99,99
2516,8,88,88,88
2517,7,77,77,77
2518,9,99,99,99
2519,8,88,88,88
2520,7,77,77,77
2521,9,99,99,99
2522,8,88,88,88
2523,7,77,77,77
2524,9,99,99,99
2525,8,88,88,88
2526,7,77,77,77
2527,9,99,99,99
2528,8,88,88,88
2529,7,77,77,77
2530,9,99,99,99
2531,8,88,88,88
2532,7,77,77,77
2533,9,99,99,99
2534,8,88,88,88
2535,7,77,77,77
2536,9,99,99,99
2537,8,88,88,88
2538,7,77,77,77
2539,9,99,99,99
2540,8,88,88,88
2541,7,77,77,77
2542,9,99,99,99
2543,8,88,88,88
2544,7,77,77,77
2545,9,99,99,99
2546,8,88,88,88
2547,7,77,77,77
2548,9,99,99,99
2549,8,88,88,88
2550,7,77,77,77
2551,9,99,99,99
2552,8,88,88,88
2553,7,77,77,77
2554,9,99,99,99
2555,8,88,88,88
2556,7,77,77,77
2557,9,99,99,99
2558,8,88,88,88
2559,7,77,77,77
2560,9,99,99,99
2561,8,88,88,88
2562,7,77,77,77
2563,9,99,99,99
2564,8,88,88,88
2565,7,77,77,77
2566,9,99,99,99
2567,8,88,88,88
2568,7,77,77,77
2569,9,99,99,99
2570,8,88,88,88
2571,7,77,77,77
2572,9,99,99,99
2573,8,88,88,88
2574,7,77,77,77
2575,9,99,99,99
2576,8,88,88,88
2577,7,77,77,77
2578,9,99,99,99
2579,8,88,88,88
2580,7,77,77,77
2581,9,99,99,99
2582,8,88,88,88
2583,7,77,77,77
2584,9,99,99,99
2585,8,88,88,88
2586,7,77,77,77
2587,9,99,99,99
2588,8,88,88,88
2589,7,77,77,77
2590,9,99,99,99
2591,8,88,88,88
2592,7,77,77,77
2593,9,99,99,99
2594,8,88,88,88
2595,7,77,77,77
2596,9,99,99,99
2597,8,88,88,88
2598,7,77,77,77
2599,9,99,99,99
2600,8,88,88,88
2601,7,77,77,77
2602,9,99,99,99
2603,8,88,88,88
2604,7,77,77,77
2605,9,99,99,99
2606,8,88,88,88
2607,7,77,77,77
2608,9,99,99,99
2609,8,88,88,88
2610,7,77,77,77
2611,9,99,99,99
2612,8,88,88,88
2613,7,77,77,77
2614,9,99,99,99
2615,8,88,88,88
2616,7,77,77,77
2617,9,99,99,99
2618,8,88,88,88
2619,7,77,77,77
2620,9,99,99,99
2621,8,88,88,88
2622,7,77,77,77
2623,9,99,99,99
2624,8,88,88,88
2625,7,77,77,77
2626,9,99,99,99
2627,8,88,88,88
2628,7,77,77,77
2629,9,99,99,99
2630,8,88,88,88
2631,7,77,77,77
2632,9,99,99,99
2633,8,88,88,88
2634,7,77,77,77
2635,9,99,99,99
2636,8,88,88,88
2637,7,77,77,77
2638,9,99,99,99
2639,8,88,88,88
2640,7,77,77,77
2641,9,99,99,99
2642,8,88,88,88
2643,7,77,77,77
2644,9,99,99,99
2645,8,88,88,88
2646,7,77,77,77
2647,9,99,99,99
2648,8,88,88,88
2649,7,77,77,77
2650,9,99,99,99
2651,8,88,88,88
2652,7,77,77,77
2653,9,99,99,99
2654,8,88,88,88
2655,7,77,77,77
2656,9,99,99,99
2657,8,88,88,88
2658,7,77,77,77
2659,9,99,99,99
2660,8,88,88,88
2661,7,77,77,77
2662,9,99,99,99
2663,8,88,88,88
2664,7,77,77,77
2665,9,99,99,99
2666,8,88,88,88
2667,7,77,77,77
2668,9,99,99,99
2669,8,88,88,88
2670,7,77,77,77
2671,9,99,99,99
2672,8,88,88,88
2673,7,77,77,77
2674,9,99,99,99
2675,8,88,88,88
2676,7,77,77,77
2677,9,99,99,99
2678,8,88,88,88
2679,7,77,77,77
2680,9,99,99,99
2681,8,88,88,88
2682,7,77,77,77
2683,9,99,99,99
2684,8,88,88,88
2685,7,77,77,77
2686,9,99,99,99
2687,8,88,88,88
2688,7,77,77,77
2689,9,99,99,99
2690,8,88,88,88
2691,7,77,77,77
2692,9,99,99,99
2693,8,88,88,88
2694,7,77,77,77
2695,9,99,99,99
2696,8,88,88,88
2697,7,77,77,77
2698,9,99,99,99
2699,8,88,88,88
2700,7,77,77,77
2701,9,99,99,99
2702,8,88,88,88
2703,7,77,77,77
2704,9,99,99,99
2705,8,88,88,88
2706,7,77,77,77
2707,9,99,99,99
2708,8,88,88,88
2709,7,77,77,77
2710,9,99,99,99
2711,8,88,88,88
2712,7,77,77,77
2713,9,99,99,99
2714,8,88,88,88
2715,7,77,77,77
2716,9,99,99,99
2717,8,88,88,88
2718,7,77,77,77
2719,9,99,99,99
2720,8,88,88,88
2721,7,77,77,77
2722,9,99,99,99
2723,8,88,88,88
2724,7,77,77,77
2725,9,99,99,99
2726,8,88,88,88
2727,7,77,77,77
2728,9,99,99,99
2729,8,88,88,88
2730,7,77,77,77
2731,9,99,99,99
2732,8,88,88,88
2733,7,77,77,77
2734,9,99,99,99
2735,8,88,88,88
2736,7,77,77,77
2737,9,99,99,99
2738,8,88,88,88
2739,7,77,77,77
2740,9,99,99,99
2741,8,88,88,88
2742,7,77,77,77
2743,9,99,99,99
2744,8,88,88,88
2745,7,77,77,77
2746,9,99,99,99
2747,8,88,88,88
2748,7,77,77,77
2749,9,99,99,99
2750,8,88,88,88
2751,7,77,77,77
2752,9,99,99,99
2753,8,88,88,88
2754,7,77,77,77
2755,9,99,99,99
2756,8,88,88,88
2757,7,77,77,77
2758,9,99,99,99
2759,8,88,88,88
2760,7,77,77,77
2761,9,99,99,99
2762,8,88,88,88
2763,7,77,77,77
2764,9,99,99,99
2765,8,88,88,88
2766,7,77,77,77
2767,9,99,99,99
2768,8,88,88,88
2769,7,77,77,77
2770,9,99,99,99
2771,8,88,88,88
2772,7,77,77,77
2773,9,99,99,99
2774,8,88,88,88
2775,7,77,77,77
2776,9,99,99,99
2777,8,88,88,88
2778,7,77,77,77
2779,9,99,99,99
2780,8,88,88,88
2781,7,77,77,77
2782,9,99,99,99
2783,8,88,88,88
2784,7,77,77,77
2785,9,99,99,99
2786,8,88,88,88
2787,7,77,77,77
2788,9,99,99,99
2789,8,88,88,88
2790,7,77,77,77
2791,9,99,99,99
2792,8,88,88,88
2793,7,77,77,77
2794,9,99,99,99
2795,8,88,88,88
2796,7,77,77,77
2797,9,99,99,99
2798,8,88,88,88
2799,7,77,77,77
2800,9,99,99,99
2801,8,88,88,88
2802,7,77,77,77
2803,9,99,99,99
2804,8,88,88,88
2805,7,77,77,77
2806,9,99,99,99
2807,8,88,88,88
2808,7,77,77,77
2809,9,99,99,99
2810,8,88,88,88
2811,7,77,77,77
2812,9,99,99,99
2813,8,88,88,88
2814,7,77,77,77
2815,9,99,99,99
2816,8,88,88,88
2817,7,77,77,77
2818,9,99,99,99
2819,8,88,88,88
2820,7,77,77,77
2821,9,99,99,99
2822,8,88,88,88
2823,7,77,77,77
2824,9,99,99,99
2825,8,88,88,88
2826,7,77,77,77
2827,9,99,99,99
2828,8,88,88,88
2829,7,77,77,77
2830,9,99,99,99
2831,8,88,88,88
2832,7,77,77,77
2833,9,99,99,99
2834,8,88,88,88
2835,7,77,77,77
2836,9,99,99,99
2837,8,88,88,88
2838,7,77,77,77
2839,9,99,99,99
2840,8,88,88,88
2841,7,77,77,77
2842,9,99,99,99
2843,8,88,88,88
2844,7,77,77,77
2845,9,99,99,99
2846,8,88,88,88
2847,7,77,77,77
2848,9,99,99,99
2849,8,88,88,88
2850,7,77,77,77
2851,9,99,99,99
2852,8,88,88,88
2853,7,77,77,77
2854,9,99,99,99
2855,8,88,88,88
2856,7,77,77,77
2857,9,99,99,99
2858,8,88,88,88
2859,7,77,77,77
2860,9,99,99,99
2861,8,88,88,88
2862,7,77,77,77
2863,9,99,99,99
2864,8,88,88,88
2865,7,77,77,77
2866,9,99,99,99
2867,8,88,88,88
2868,7,77,77,77
2869,9,99,99,99
2870,8,88,88,88
2871,7,77,77,77
2872,9,99,99,99
2873,8,88,88,88
2874,7,77,77,77
2875,9,99,99,99
2876,8,88,88,88
2877,7,77,77,77
2878,9,99,99,99
2879,8,88,88,88
2880,7,77,77,77
2881,9,99,99,99
2882,8,88,88,88
2883,7,77,77,77
2884,9,99,99,99
2885,8,88,88,88
2886,7,77,77,77
2887,9,99,99,99
2888,8,88,88,88
2889,7,77,77,77
2890,9,99,99,99
2891,8,88,88,88
2892,7,77,77,77
2893,9,99,99,99
2894,8,88,88,88
2895,7,77,77,77
2896,9,99,99,99
2897,8,88,88,88
2898,7,77,77,77
2899,9,99,99,99
2900,8,88,88,88
2901,7,77,77,77
2902,9,99,99,99
2903,8,88,88,88
2904,7,77,77,77
2905,9,99,99,99
2906,8,88,88,88
2907,7,77,77,77
2908,9,99,99,99
2909,8,88,88,88
2910,7,77,77,77
2911,9,99,99,99
2912,8,88,88,88
2913,7,77,77,77
2914,9,99,99,99
2915,8,88,88,88
2916,7,77,77,77
2917,9,99,99,99
2918,8,88,88,88
2919,7,77,77,77
2920,9,99,99,99
2921,8,88,88,88
2922,7,77,77,77
2923,9,99,99,99
2924,8,88,88,88
2925,7,77,77,77
2926,9,99,99,99
2927,8,88,88,88
2928,7,77,77,77
2929,9,99,99,99
2930,8,88,88,88
2931,7,77,77,77
2932,9,99,99,99
2933,8,88,88,88
2934,7,77,77,77
2935,9,99,99,99
2936,8,88,88,88
2937,7,77,77,77
2938,9,99,99,99
2939,8,88,88,88
2940,7,77,77,77
2941,9,99,99,99
2942,8,88,88,88
2943,7,77,77,77
2944,9,99,99,99
2945,8,88,88,88
2946,7,77,77,77
2947,9,99,99,99
2948,8,88,88,88
2949,7,77,77,77
2950,9,99,99,99
2951,8,88,88,88
2952,7,77,77,77
2953,9,99,99,99
2954,8,88,88,88
2955,7,77,77,77
2956,9,99,99,99
2957,8,88,88,88
2958,7,77,77,77
2959,9,99,99,99
2960,8,88,88,88
2961,7,77,77,77
2962,9,99,99,99
2963,8,88,88,88
2964,7,77,77,77
2965,9,99,99,99
2966,8,88,88,88
2967,7,77,77,77
2968,9,99,99,99
2969,8,88,88,88
2970,7,77,77,77
2971,9,99,99,99
2972,8,88,88,88
2973,7,77,77,77
2974,9,99,99,99
2975,8,88,88,88
2976,7,77,77,77
2977,9,99,99,99
2978,8,88,88,88
2979,7,77,77,77
2980,9,99,99,99
2981,8,88,88,88
2982,7,77,77,77
2983,9,99,99,99
2984,8,88,88,88
2985,7,77,77,77
2986,9,99,99,99
2987,8,88,88,88
2988,7,77,77,77
2989,9,99,99,99
2990,8,88,88,88
2991,7,77,77,77
2992,9,99,99,99
2993,8,88,88,88
2994,7,77,77,77
2995,9,99,99,99
2996,8,88,88,88
2997,7,77,77,77
2998,9,99,99,99
2999,8,88,88,88
3000,7,77,77,77
